0.23479999601840973 1.5477999448776245 88.95670318603516 100.45890045166016 3.023400068283081 7.000500202178955 9.890700340270996 23.29509925842285 4.908400058746338 
21247.0 -29184.0 2120.0 7.859619140625 0.227294921875 6.455175876617432 -1.3282443284988403 1.0839694738388062 1.2900763750076294 
13311.0 -28160.0 2120.0 7.897900581359863 0.17705078423023224 6.352294921875 -1.5648854970932007 1.1145038604736328 1.2900763750076294 
26111.0 -32512.0 2120.0 7.950537204742432 0.19379882514476776 6.438427925109863 -1.1832060813903809 0.9847328066825867 1.1908396482467651 
17919.0 -20224.0 2120.0 7.909863471984863 0.22968749701976776 6.524560451507568 -1.427480936050415 1.3511450290679932 1.2900763750076294 
18431.0 -26112.0 2120.0 7.914648532867432 0.20097656548023224 6.412109375 -1.412213683128357 1.1755725145339966 1.14503812789917 
26879.0 -17920.0 2120.0 7.91943359375 0.19619140028953552 6.457568168640137 -1.160305380821228 1.4198473691940308 1.2213740348815918 
22527.0 -19200.0 2120.0 7.87158203125 0.17705078423023224 6.4599609375 -1.2900763750076294 1.3816794157028198 1.1374045610427856 
21503.0 -31488.0 2120.0 7.950537204742432 0.17226561903953552 6.517382621765137 -1.3206106424331665 1.0152671337127686 1.3664121627807617 
20223.0 -26880.0 2120.0 7.931396484375 0.21293945610523224 6.428857326507568 -1.3587785959243774 1.1526718139648438 1.0687023401260376 
9215.0 -26368.0 2120.0 7.881152153015137 0.21772460639476776 6.426465034484863 -1.6870229244232178 1.1679389476776123 1.3740458488464355 
18431.0 -24320.0 2120.0 7.917040824890137 0.227294921875 6.38818359375 -1.412213683128357 1.229007601737976 1.1145038604736328 
20223.0 -30208.0 2120.0 7.883544921875 0.19858399033546448 6.414502143859863 -1.3587785959243774 1.0534350872039795 1.267175555229187 
16127.0 -30976.0 2120.0 7.940966606140137 0.20576171576976776 6.376220703125 -1.4809160232543945 1.0305343866348267 0.9847328066825867 
13823.0 -28416.0 2120.0 7.995995998382568 0.23686523735523224 6.455175876617432 -1.5496183633804321 1.106870174407959 1.3816794157028198 
17151.0 -24576.0 2120.0 7.8955078125 0.20815429091453552 6.43603515625 -1.4503816366195679 1.2213740348815918 1.2061069011688232 
20479.0 -28160.0 2120.0 7.893115043640137 0.19140625 6.43603515625 -1.3511450290679932 1.1145038604736328 1.198473334312439 
16639.0 -29440.0 2120.0 7.924218654632568 0.20576171576976776 6.438427925109863 -1.465648889541626 1.0763359069824219 1.2824426889419556 
22527.0 -29952.0 2120.0 7.96728515625 0.19619140028953552 6.366650581359863 -1.2900763750076294 1.0610686540603638 1.2900763750076294 
14847.0 30976.0 2120.0 7.914648532867432 0.23447266221046448 6.464745998382568 -1.5190839767456055 0.9236640930175781 1.267175555229187 
29183.0 -24064.0 2120.0 7.955322265625 0.203369140625 6.426465034484863 -1.0916030406951904 1.2366411685943604 1.0305343866348267 
18175.0 -18944.0 2120.0 7.917040824890137 0.22250977158546448 6.342724800109863 -1.4198473691940308 1.389312982559204 1.2442748546600342 
22527.0 -26112.0 2120.0 7.929003715515137 0.17705078423023224 6.488671779632568 -1.2900763750076294 1.1755725145339966 1.572519063949585 
20479.0 -24576.0 2120.0 7.964892387390137 0.19619140028953552 6.376220703125 -1.3511450290679932 1.2213740348815918 1.1908396482467651 
13055.0 -31232.0 2120.0 7.890722751617432 0.16987304389476776 6.450390815734863 -1.572519063949585 1.0229008197784424 1.2213740348815918 
17919.0 -23040.0 2120.0 7.931396484375 0.19379882514476776 6.426465034484863 -1.427480936050415 1.267175555229187 1.2519084215164185 
12543.0 -25344.0 2120.0 7.907470703125 0.227294921875 6.457568168640137 -1.587786316871643 1.198473334312439 1.14503812789917 
31231.0 25856.0 2120.0 7.938574314117432 0.21054688096046448 6.402539253234863 -1.0305343866348267 0.7709923386573792 1.1908396482467651 
22527.0 -32256.0 2120.0 7.929003715515137 0.22250977158546448 6.402539253234863 -1.2900763750076294 0.9923664331436157 1.2366411685943604 
20735.0 29952.0 2120.0 7.926611423492432 0.16508789360523224 6.404931545257568 -1.3435114622116089 0.8931297659873962 1.3206106424331665 
23807.0 -14336.0 2120.0 7.945752143859863 0.16987304389476776 6.414502143859863 -1.2519084215164185 1.5267175436019897 1.2977099418640137 
17407.0 -32256.0 2120.0 7.933789253234863 0.22968749701976776 6.481493949890137 -1.4427480697631836 0.9923664331436157 1.1755725145339966 
20991.0 27136.0 2120.0 7.96728515625 0.19858399033546448 6.404931545257568 -1.3358778953552246 0.8091602921485901 1.160305380821228 
12287.0 -26368.0 2120.0 7.9912109375 0.23447266221046448 6.424072265625 -1.5954198837280273 1.1679389476776123 1.3664121627807617 
14591.0 28416.0 2120.0 7.933789253234863 0.17465820908546448 6.455175876617432 -1.5267175436019897 0.847328245639801 1.2061069011688232 
21759.0 -22528.0 2120.0 7.938574314117432 0.21533203125 6.361865043640137 -1.3129770755767822 1.2824426889419556 1.1526718139648438 
18431.0 -27904.0 2120.0 7.888329982757568 0.23208007216453552 6.479101657867432 -1.412213683128357 1.122137427330017 1.0763359069824219 
16639.0 -29440.0 2120.0 7.929003715515137 0.21533203125 6.443212985992432 -1.465648889541626 1.0763359069824219 0.9847328066825867 
22015.0 30464.0 2120.0 7.957715034484863 0.155517578125 6.431250095367432 -1.305343508720398 0.9083969593048096 1.1374045610427856 
19199.0 -22528.0 2120.0 7.933789253234863 0.179443359375 6.369042873382568 -1.389312982559204 1.2824426889419556 1.2900763750076294 
18943.0 -28160.0 2120.0 7.940966606140137 0.18901367485523224 6.452783107757568 -1.3969465494155884 1.1145038604736328 1.3206106424331665 
20991.0 28672.0 2120.0 7.900292873382568 0.17226561903953552 6.421679496765137 -1.3358778953552246 0.8549618124961853 1.1679389476776123 
18943.0 -22784.0 2120.0 7.924218654632568 0.18662109971046448 6.481493949890137 -1.3969465494155884 1.2748091220855713 1.2519084215164185 
14847.0 -28928.0 2120.0 7.883544921875 0.23208007216453552 6.414502143859863 -1.5190839767456055 1.0916030406951904 1.1374045610427856 
11519.0 -23296.0 2120.0 7.940966606140137 0.22250977158546448 6.407324314117432 -1.6183205842971802 1.2595419883728027 1.038167953491211 
22527.0 -25856.0 2120.0 7.943359375 0.22011718153953552 6.431250095367432 -1.2900763750076294 1.1832060813903809 1.160305380821228 
22783.0 -26368.0 2120.0 7.940966606140137 0.22490234673023224 6.402539253234863 -1.2824426889419556 1.1679389476776123 1.14503812789917 
18431.0 -31232.0 2120.0 7.962500095367432 0.18183593451976776 6.440820217132568 -1.412213683128357 1.0229008197784424 1.3740458488464355 
16895.0 -28672.0 2120.0 7.943359375 0.21293945610523224 6.43603515625 -1.4580153226852417 1.0992366075515747 1.0916030406951904 
19967.0 -31744.0 2120.0 7.957715034484863 0.179443359375 6.404931545257568 -1.3664121627807617 1.0076335668563843 1.0763359069824219 
14335.0 -27904.0 2120.0 7.924218654632568 0.16508789360523224 6.48388671875 -1.534351110458374 1.122137427330017 1.2519084215164185 
20735.0 -23296.0 2120.0 7.950537204742432 0.14833983778953552 6.414502143859863 -1.3435114622116089 1.2595419883728027 1.2137404680252075 
27903.0 -23808.0 2120.0 7.972070217132568 0.21054688096046448 6.400146484375 -1.1297709941864014 1.2442748546600342 1.2213740348815918 
12799.0 -22784.0 2120.0 7.957715034484863 0.18422850966453552 6.450390815734863 -1.5801526308059692 1.2748091220855713 1.0916030406951904 
22015.0 27136.0 2120.0 7.940966606140137 0.14116211235523224 6.381005764007568 -1.305343508720398 0.8091602921485901 1.2442748546600342 
12543.0 30464.0 2120.0 7.91943359375 0.2392578125 6.421679496765137 -1.587786316871643 0.9083969593048096 1.305343508720398 
9471.0 -32000.0 2120.0 7.912255764007568 0.18901367485523224 6.445605278015137 -1.6793893575668335 1.0 1.106870174407959 
13311.0 -22016.0 2120.0 7.952929496765137 0.13876953721046448 6.495849609375 -1.5648854970932007 1.2977099418640137 1.2137404680252075 
19711.0 -17664.0 2120.0 7.957715034484863 0.20576171576976776 6.43603515625 -1.3740458488464355 1.427480936050415 1.267175555229187 
15103.0 -28416.0 2120.0 7.933789253234863 0.18183593451976776 6.500634670257568 -1.5114504098892212 1.106870174407959 1.1374045610427856 
31487.0 30720.0 2120.0 7.914648532867432 0.19858399033546448 6.433642387390137 -1.0229008197784424 0.9160305261611938 1.0916030406951904 
28159.0 -24064.0 2120.0 7.938574314117432 0.203369140625 6.474316596984863 -1.122137427330017 1.2366411685943604 1.2900763750076294 
16639.0 -23808.0 2120.0 7.981640815734863 0.18662109971046448 6.402539253234863 -1.465648889541626 1.2442748546600342 1.3282443284988403 
9727.0 -27648.0 2120.0 7.979248046875 0.18901367485523224 6.402539253234863 -1.6717556715011597 1.1297709941864014 1.3282443284988403 
25343.0 -27904.0 2120.0 7.943359375 0.18662109971046448 6.414502143859863 -1.2061069011688232 1.122137427330017 1.160305380821228 
12287.0 -28672.0 2120.0 7.943359375 0.24165038764476776 6.457568168640137 -1.5954198837280273 1.0992366075515747 1.0763359069824219 
17.0 -3.0 111.0 1.069482445716858 0.23985596001148224 10.3419189453125 -1.4885495901107788 1.1297709941864014 1.122137427330017 
17.0 -5.0 109.0 1.0969970226287842 0.21054688096046448 10.316797256469727 -1.3969465494155884 1.038167953491211 1.0534350872039795 
18.0 -3.0 108.0 1.068884253501892 0.23985596001148224 10.347900390625 -1.160305380821228 0.7862595319747925 1.3358778953552246 
17.0 -2.0 109.0 1.086828589439392 0.227294921875 10.3837890625 -1.305343508720398 0.5648854970932007 1.3129770755767822 
17.0 -4.0 107.0 1.1011841297149658 0.20635986328125 10.365246772766113 -1.2900763750076294 0.5954198241233826 1.2748091220855713 
16.0 -1.0 109.0 1.083837866783142 0.20097656548023224 10.352087020874023 -1.3435114622116089 0.572519063949585 1.2977099418640137 
18.0 -3.0 111.0 1.1101562976837158 0.17166748642921448 10.356274604797363 -1.1908396482467651 0.9465649127960205 1.2977099418640137 
19.0 -4.0 107.0 1.1029784679412842 0.18662109971046448 10.282702445983887 -1.2519084215164185 1.2977099418640137 1.0687023401260376 
16.0 -5.0 108.0 1.101782202720642 0.20396728813648224 10.328760147094727 -1.160305380821228 1.1297709941864014 1.122137427330017 
16.0 -6.0 109.0 1.0826416015625 0.24165038764476776 10.33294677734375 -1.1374045610427856 1.2519084215164185 1.0305343866348267 
19.0 -3.0 107.0 1.08563232421875 0.22789306938648224 10.334142684936523 -1.14503812789917 1.4885495901107788 1.0992366075515747 
19.0 -2.0 109.0 1.0730712413787842 0.2392578125 10.330554008483887 -1.2137404680252075 1.4045801162719727 1.0534350872039795 
18.0 -3.0 108.0 1.0772583484649658 0.2332763671875 10.317395210266113 -1.2595419883728027 1.14503812789917 0.9236640930175781 
19.0 -4.0 108.0 1.059912085533142 0.24344483017921448 10.344311714172363 -1.2595419883728027 0.9312977194786072 1.2213740348815918 
18.0 -2.0 109.0 1.09759521484375 0.21593017876148224 10.377209663391113 -1.3587785959243774 1.0076335668563843 1.3816794157028198 
18.0 -5.0 108.0 1.080847144126892 0.20516356825828552 10.384387016296387 -1.0229008197784424 0.6641221642494202 1.4045801162719727 
16.0 -5.0 109.0 1.084436058998108 0.23686523735523224 10.358068466186523 -1.1679389476776123 0.5114504098892212 1.3435114622116089 
18.0 -4.0 109.0 1.099389672279358 0.18662109971046448 10.352087020874023 -1.14503812789917 0.6641221642494202 1.198473334312439 
18.0 -5.0 109.0 1.10955810546875 0.19260254502296448 10.357470512390137 -1.2366411685943604 0.9236640930175781 1.3740458488464355 
15.0 -4.0 110.0 1.0999877452850342 0.18961182236671448 10.30902099609375 -1.1526718139648438 1.2213740348815918 1.3435114622116089 
16.0 -3.0 110.0 1.0940062999725342 0.19918212294578552 10.318591117858887 -1.5190839767456055 1.5114504098892212 1.2366411685943604 
18.0 -5.0 110.0 1.096398949623108 0.22849121689796448 10.330554008483887 -1.198473334312439 1.534351110458374 1.0 
17.0 -4.0 111.0 1.0802490711212158 0.24464111030101776 10.295263290405273 -1.0763359069824219 1.389312982559204 0.9083969593048096 
19.0 -4.0 110.0 1.0802490711212158 0.21892090141773224 10.374218940734863 -1.2748091220855713 1.6335878372192383 1.3587785959243774 
18.0 -5.0 107.0 1.0742676258087158 0.23028564453125 10.36883544921875 -1.5114504098892212 1.427480936050415 0.8549618124961853 
17.0 -4.0 109.0 1.087426781654358 0.24464111030101776 10.36285400390625 -1.229007601737976 1.0229008197784424 0.7786259651184082 
15.0 -4.0 108.0 1.087426781654358 0.22550049424171448 10.338330268859863 -1.122137427330017 1.0610686540603638 1.2213740348815918 
17.0 -3.0 108.0 1.083837866783142 0.21772460639476776 10.367639541625977 -1.1832060813903809 0.5190839767456055 1.122137427330017 
19.0 -2.0 109.0 1.089819312095642 0.21293945610523224 10.360461235046387 -1.0229008197784424 0.5038167834281921 1.3587785959243774 
16.0 -4.0 108.0 1.0940062999725342 0.18961182236671448 10.353283882141113 -1.389312982559204 0.7480915784835815 1.2366411685943604 
17.0 -3.0 109.0 1.101782202720642 0.19918212294578552 10.348498344421387 -1.1679389476776123 0.8549618124961853 1.1374045610427856 
17.0 -5.0 109.0 1.1101562976837158 0.18961182236671448 10.3179931640625 -1.1908396482467651 1.0458015203475952 1.2977099418640137 
18.0 -4.0 108.0 1.0969970226287842 0.21114501357078552 10.29705810546875 -1.3282443284988403 1.4503816366195679 1.4045801162719727 
17.0 -2.0 111.0 1.1041748523712158 0.22669677436351776 10.276721000671387 -1.2366411685943604 1.4045801162719727 1.0305343866348267 
18.0 -3.0 108.0 1.0910155773162842 0.22490234673023224 10.336535453796387 -1.122137427330017 1.496183156967163 0.9923664331436157 
17.0 -5.0 110.0 1.0700805187225342 0.22789306938648224 10.345507621765137 -1.2748091220855713 1.5496183633804321 1.0229008197784424 
18.0 -5.0 110.0 1.0587158203125 0.2392578125 10.32696533203125 -1.3587785959243774 1.160305380821228 1.1145038604736328 
17.0 -3.0 109.0 1.081445336341858 0.25361329317092896 10.345507621765137 -1.2595419883728027 0.8625954389572144 1.3206106424331665 
17.0 -3.0 108.0 1.0760619640350342 0.22669677436351776 10.37481689453125 -1.2977099418640137 0.9083969593048096 1.2595419883728027 
18.0 -4.0 110.0 1.0892212390899658 0.21712645888328552 10.359265327453613 -1.427480936050415 0.7022900581359863 1.2137404680252075 
17.0 -4.0 109.0 1.08563232421875 0.22250977158546448 10.378405570983887 -1.4198473691940308 0.35114502906799316 1.2748091220855713 
17.0 -4.0 108.0 1.0969970226287842 0.21473388373851776 10.355077743530273 -1.3587785959243774 0.6793892979621887 1.2213740348815918 
18.0 -4.0 109.0 1.0862305164337158 0.18901367485523224 10.329358100891113 -1.2595419883728027 0.9236640930175781 1.4427480697631836 
18.0 -4.0 108.0 1.088623046875 0.20755615830421448 10.313806533813477 -1.2977099418640137 1.2595419883728027 1.1908396482467651 
17.0 -5.0 109.0 1.0952026844024658 0.22430419921875 10.321581840515137 -1.0839694738388062 1.2824426889419556 0.9465649127960205 
16.0 -3.0 109.0 1.1011841297149658 0.22609862685203552 10.338330268859863 -1.5496183633804321 1.4885495901107788 0.8244274854660034 
18.0 -2.0 108.0 1.110754370689392 0.22430419921875 10.305432319641113 -1.3740458488464355 1.7175573110580444 1.0 
19.0 -4.0 108.0 1.0652954578399658 0.24643555283546448 10.346704483032227 -1.2061069011688232 2.038167953491211 1.0992366075515747 
18.0 -5.0 109.0 1.0772583484649658 0.22550049424171448 10.301244735717773 -1.3129770755767822 1.610687017440796 1.0229008197784424 
17.0 -4.0 109.0 1.0826416015625 0.24224853515625 10.315600395202637 -1.2137404680252075 1.106870174407959 1.1374045610427856 
17.0 -4.0 109.0 1.10357666015625 0.18004150688648224 10.303637504577637 -1.3969465494155884 0.6412213444709778 1.3129770755767822 
18.0 -5.0 111.0 1.110754370689392 0.20755615830421448 10.289880752563477 -1.1679389476776123 0.8625954389572144 1.1297709941864014 
18.0 -2.0 109.0 1.1065673828125 0.23028564453125 10.30303955078125 -1.2748091220855713 1.496183156967163 1.2137404680252075 
16.0 -2.0 108.0 1.088623046875 0.22310790419578552 10.327563285827637 -1.0610686540603638 1.6335878372192383 0.9389312863349915 
18.0 -4.0 110.0 1.0640990734100342 0.24643555283546448 10.338330268859863 -1.2977099418640137 1.4503816366195679 0.9541984796524048 
18.0 -3.0 108.0 1.0832397937774658 0.22550049424171448 10.336535453796387 -1.122137427330017 1.4427480697631836 1.038167953491211 
16.0 -4.0 109.0 1.054528832435608 0.22789306938648224 10.364648818969727 -1.4045801162719727 1.0687023401260376 1.0916030406951904 
16.0 -5.0 108.0 1.087426781654358 0.24763183295726776 10.339526176452637 -1.267175555229187 0.7480915784835815 1.0992366075515747 
17.0 -4.0 110.0 1.063501000404358 0.21892090141773224 10.32098388671875 -1.2519084215164185 1.389312982559204 1.229007601737976 
17.0 -5.0 112.0 1.0760619640350342 0.23267821967601776 10.371826171875 -1.3206106424331665 0.25954198837280273 1.4045801162719727 
19.0 -3.0 108.0 1.0892212390899658 0.227294921875 10.333544731140137 -1.1374045610427856 0.6259542107582092 1.2137404680252075 
18.0 -4.0 111.0 1.0892212390899658 0.20157471299171448 10.375414848327637 -1.3206106424331665 0.6564885377883911 1.2900763750076294 
17.0 -2.0 108.0 1.1065673828125 0.21054688096046448 10.367040634155273 -1.2061069011688232 0.694656491279602 1.0992366075515747 
19.0 -5.0 108.0 1.1119506359100342 0.19439697265625 10.3419189453125 -1.2595419883728027 0.2671755850315094 0.9847328066825867 
17.0 -3.0 108.0 1.0922119617462158 0.21652832627296448 10.307825088500977 -1.1832060813903809 0.7786259651184082 1.4503816366195679 
17.0 -3.0 110.0 1.078454613685608 0.22908934950828552 10.310216903686523 -1.2213740348815918 1.1145038604736328 0.9770992398262024 
17.0 -6.0 110.0 1.0969970226287842 0.23865966498851776 10.283300399780273 -1.3969465494155884 1.0610686540603638 1.0610686540603638 
17.0 -4.0 110.0 1.0850341320037842 0.23507079482078552 10.314404487609863 -1.1755725145339966 1.3587785959243774 0.8931297659873962 
17.0 -3.0 109.0 1.071874976158142 0.25361329317092896 10.3778076171875 -1.1755725145339966 1.106870174407959 1.0152671337127686 
15.0 -3.0 111.0 1.0862305164337158 0.25421142578125 10.37481689453125 -1.503816843032837 1.267175555229187 1.1679389476776123 
17.0 -5.0 110.0 1.071874976158142 0.23088379204273224 10.301244735717773 -1.3206106424331665 0.8702290058135986 1.2748091220855713 
18.0 -2.0 110.0 1.1005859375 0.22490234673023224 10.367639541625977 -1.0687023401260376 0.9847328066825867 1.2442748546600342 
17.0 -4.0 111.0 1.10357666015625 0.19858399033546448 10.379602432250977 -1.2595419883728027 0.6793892979621887 1.229007601737976 
17.0 -3.0 110.0 1.1209228038787842 0.22789306938648224 10.372424125671387 -1.2748091220855713 0.6641221642494202 1.160305380821228 
15.0 -4.0 108.0 1.1221191883087158 0.19379882514476776 10.330554008483887 -1.267175555229187 1.0458015203475952 1.198473334312439 
17.0 -1.0 110.0 1.10357666015625 0.19200439751148224 10.301244735717773 -1.3740458488464355 1.3740458488464355 1.0305343866348267 
17.0 -3.0 108.0 1.1059691905975342 0.22071532905101776 10.291674613952637 -1.412213683128357 1.5190839767456055 1.0305343866348267 
17.0 -3.0 111.0 1.0952026844024658 0.22550049424171448 10.323974609375 -1.2977099418640137 1.3664121627807617 0.9465649127960205 
18.0 -3.0 111.0 1.0772583484649658 0.23865966498851776 10.339526176452637 -1.3206106424331665 1.3282443284988403 1.106870174407959 
18.0 -5.0 110.0 1.110754370689392 0.22430419921875 10.303637504577637 -1.3206106424331665 0.9007633328437805 1.2977099418640137 
18.0 -5.0 109.0 1.090417504310608 0.227294921875 10.342516899108887 -1.4885495901107788 0.9083969593048096 1.160305380821228 
16.0 -3.0 109.0 1.0742676258087158 0.22011718153953552 10.328161239624023 -1.3206106424331665 1.6793893575668335 1.0687023401260376 
17.0 -5.0 108.0 1.088623046875 0.22370605170726776 10.334741592407227 -1.1679389476776123 1.6717556715011597 0.9618320465087891 
19.0 -2.0 110.0 1.086828589439392 0.24822998046875 10.367639541625977 -1.3664121627807617 1.305343508720398 1.0839694738388062 
17.0 -3.0 109.0 1.09759521484375 0.227294921875 10.369433403015137 -1.2519084215164185 1.4580153226852417 1.160305380821228 
16.0 -4.0 110.0 1.087426781654358 0.21054688096046448 10.355676651000977 -1.3206106424331665 1.1145038604736328 1.3282443284988403 
18.0 -2.0 111.0 1.1011841297149658 0.22550049424171448 10.334142684936523 -0.9923664331436157 1.0992366075515747 1.122137427330017 
18.0 -6.0 109.0 1.086828589439392 0.2583984434604645 10.3299560546875 -1.6183205842971802 1.3511450290679932 1.2061069011688232 
18.0 -4.0 108.0 1.059912085533142 0.23267821967601776 10.383191108703613 -1.229007601737976 1.610687017440796 1.3740458488464355 
17.0 -4.0 107.0 1.07666015625 0.21951904892921448 10.34490966796875 -1.267175555229187 1.3664121627807617 1.106870174407959 
16.0 -3.0 110.0 1.089819312095642 0.23028564453125 10.328161239624023 -1.198473334312439 1.106870174407959 1.14503812789917 
18.0 -3.0 107.0 1.083837866783142 0.19918212294578552 10.371826171875 -1.2977099418640137 0.6641221642494202 1.3282443284988403 
18.0 -3.0 108.0 1.0952026844024658 0.21652832627296448 10.361059188842773 -1.1908396482467651 0.48091602325439453 1.1374045610427856 
17.0 -3.0 112.0 1.09759521484375 0.20157471299171448 10.336535453796387 -1.3816794157028198 0.4656488597393036 1.2213740348815918 
18.0 -3.0 108.0 1.075463891029358 0.24344483017921448 10.343713760375977 -1.14503812789917 1.1145038604736328 0.9770992398262024 
17.0 -5.0 109.0 1.07366943359375 0.24643555283546448 10.407116889953613 -1.2824426889419556 0.6488549709320068 1.1755725145339966 
20.0 -3.0 108.0 1.066491723060608 0.2392578125 10.370630264282227 -1.305343508720398 0.7786259651184082 1.2061069011688232 
19.0 -4.0 109.0 1.092810034751892 0.20635986328125 10.371228218078613 -1.1832060813903809 0.8091602921485901 1.305343508720398 
18.0 -4.0 108.0 1.1071655750274658 0.19320067763328552 10.342516899108887 -1.3816794157028198 0.6564885377883911 1.160305380821228 
18.0 -5.0 108.0 1.123315453529358 0.19020995497703552 10.355676651000977 -1.3282443284988403 0.45038166642189026 1.1755725145339966 
18.0 -3.0 107.0 1.0922119617462158 0.23566894233226776 10.322179794311523 -1.2137404680252075 1.3969465494155884 0.9618320465087891 
17.0 -4.0 111.0 1.0892212390899658 0.24763183295726776 10.337133407592773 -1.4503816366195679 0.7786259651184082 1.2900763750076294 
16.0 -4.0 108.0 1.0880248546600342 0.22849121689796448 10.352685928344727 -1.4427480697631836 0.9541984796524048 1.14503812789917 
18.0 -3.0 109.0 1.07965087890625 0.2213134765625 10.362256050109863 -1.427480936050415 0.847328245639801 1.2977099418640137 
17.0 -4.0 108.0 1.110754370689392 0.20994873344898224 10.3299560546875 -1.4045801162719727 0.732824444770813 1.2824426889419556 
16.0 -4.0 109.0 1.0940062999725342 0.20875243842601776 10.36285400390625 -1.1908396482467651 0.847328245639801 1.4580153226852417 
17.0 -2.0 109.0 1.111352562904358 0.21652832627296448 10.358667373657227 -1.2137404680252075 0.7480915784835815 1.2213740348815918 
16.0 -3.0 109.0 1.0760619640350342 0.22609862685203552 10.307825088500977 -1.3511450290679932 1.0229008197784424 1.038167953491211 
16.0 -4.0 109.0 1.0880248546600342 0.21593017876148224 10.323376655578613 -1.2900763750076294 1.0839694738388062 1.0763359069824219 
18.0 -2.0 108.0 1.1131470203399658 0.24464111030101776 10.34490966796875 -1.2595419883728027 1.801526665687561 1.0763359069824219 
17.0 -4.0 108.0 1.1029784679412842 0.24643555283546448 10.349695205688477 -1.1374045610427856 1.3664121627807617 1.0458015203475952 
18.0 -7.0 112.0 1.078454613685608 0.21473388373851776 10.368237495422363 -1.3664121627807617 0.9923664331436157 1.1145038604736328 
20.0 -4.0 109.0 1.095800757408142 0.21353760361671448 10.361658096313477 -1.3282443284988403 1.5190839767456055 0.9236640930175781 
15.0 2.0 101.0 0.2703613340854645 0.24643555283546448 10.351489067077637 -1.5267175436019897 1.0763359069824219 1.8091603517532349 
16.0 1.0 101.0 0.29368895292282104 0.24404296278953552 10.431042671203613 -1.412213683128357 1.0687023401260376 1.4809160232543945 
15.0 3.0 101.0 0.2709594666957855 0.26019287109375 10.439416885375977 -1.5114504098892212 1.1297709941864014 1.496183156967163 
16.0 2.0 102.0 0.28352051973342896 0.24404296278953552 10.379003524780273 -1.2748091220855713 1.3206106424331665 1.5954198837280273 
16.0 2.0 103.0 0.26617431640625 0.25062257051467896 10.3778076171875 -1.3587785959243774 1.5114504098892212 1.3129770755767822 
16.0 1.0 103.0 0.29667967557907104 0.22071532905101776 10.337732315063477 -1.2213740348815918 0.8549618124961853 1.7175573110580444 
15.0 3.0 102.0 0.29010009765625 0.24105224013328552 10.364648818969727 -1.4809160232543945 1.1526718139648438 1.6412214040756226 
15.0 2.0 103.0 0.30206298828125 0.21712645888328552 10.349096298217773 -1.4580153226852417 0.7862595319747925 1.7633588314056396 
17.0 0.0 102.0 0.2589965760707855 0.23208007216453552 10.371228218078613 -1.465648889541626 1.0687023401260376 1.2824426889419556 
16.0 2.0 103.0 0.2942871153354645 0.2649780213832855 10.39276123046875 -1.4427480697631836 1.1526718139648438 1.572519063949585 
15.0 1.0 100.0 0.28651124238967896 0.2560058534145355 10.367639541625977 -1.2061069011688232 1.0992366075515747 1.465648889541626 
15.0 2.0 104.0 0.26557618379592896 0.2524169981479645 10.371228218078613 -1.572519063949585 1.3358778953552246 1.6870229244232178 
16.0 1.0 103.0 0.2703613340854645 0.2554077208042145 10.374218940734863 -1.3740458488464355 1.1832060813903809 1.5954198837280273 
17.0 1.0 102.0 0.25480955839157104 0.24224853515625 10.357470512390137 -1.2366411685943604 1.3129770755767822 1.8473281860351562 
14.0 2.0 104.0 0.2739501893520355 0.25959473848342896 10.366442680358887 -1.3206106424331665 0.8549618124961853 1.610687017440796 
11.0 1.0 103.0 0.26976317167282104 0.22669677436351776 10.383191108703613 -1.2824426889419556 0.9923664331436157 1.4427480697631836 
18.0 1.0 102.0 0.2912963926792145 0.23507079482078552 10.3837890625 -1.3358778953552246 1.1526718139648438 1.7862595319747925 
14.0 2.0 103.0 0.27454835176467896 0.2530151307582855 10.37481689453125 -1.6335878372192383 1.4198473691940308 1.4580153226852417 
17.0 2.0 104.0 0.3481201231479645 0.18901367485523224 10.347900390625 -1.3816794157028198 1.122137427330017 -0.1450381726026535 
16.0 1.0 103.0 0.2673706114292145 0.2213134765625 10.355077743530273 -1.503816843032837 0.9541984796524048 -1.2900763750076294 
15.0 5.0 103.0 0.30565184354782104 0.23507079482078552 10.3658447265625 -1.2977099418640137 1.1374045610427856 0.6412213444709778 
14.0 1.0 104.0 0.1016845703125 0.3271850645542145 10.355676651000977 -1.0992366075515747 1.0610686540603638 -2.106870174407959 
16.0 2.0 104.0 0.2853149473667145 0.23746338486671448 10.379003524780273 -1.5267175436019897 0.9923664331436157 -0.030534351244568825 
16.0 4.0 103.0 0.2332763671875 0.2643798887729645 10.380200386047363 -1.4809160232543945 0.8549618124961853 1.160305380821228 
15.0 2.0 104.0 0.26557618379592896 0.26557618379592896 10.358667373657227 -1.6412214040756226 1.0992366075515747 1.3969465494155884 
14.0 3.0 102.0 0.26378172636032104 0.26258546113967896 10.38677978515625 -1.427480936050415 0.8549618124961853 1.4198473691940308 
15.0 0.0 103.0 0.26258546113967896 0.25062257051467896 10.378405570983887 -1.267175555229187 1.2061069011688232 1.389312982559204 
14.0 2.0 101.0 0.28352051973342896 0.24284668266773224 10.332348823547363 -1.4503816366195679 1.412213683128357 1.610687017440796 
15.0 2.0 105.0 0.2829223573207855 0.23267821967601776 10.374218940734863 -1.229007601737976 1.2977099418640137 1.7557251453399658 
18.0 38.0 36.0 -9.54339599609375 -1.0922119617462158 1.423583984375 -2.358778715133667 -3.0534350872039795 -0.847328245639801 
19.0 37.0 35.0 -9.4267578125 -1.0772583484649658 1.1508300304412842 -0.09160305559635162 3.6335878372192383 2.007633686065674 
18.0 39.0 36.0 -9.433935165405273 -1.040771484375 1.431359887123108 0.48091602325439453 0.8091602921485901 -0.18320611119270325 
15.0 37.0 37.0 -9.96209716796875 -1.0383789539337158 1.305151343345642 0.7633587718009949 1.198473334312439 0.572519063949585 
18.0 38.0 35.0 -9.880151748657227 -1.113745093345642 1.2925903797149658 -1.5267175436019897 0.0 3.14503812789917 
19.0 39.0 34.0 -9.201257705688477 -1.1029784679412842 1.506127953529358 -1.5114504098892212 -0.6793892979621887 3.7251908779144287 
20.0 40.0 34.0 -9.031384468078613 -1.038977026939392 1.3942749500274658 -0.7251908183097839 2.0610687732696533 -0.7557252049446106 
16.0 38.0 35.0 -9.749157905578613 -1.093408226966858 1.376928687095642 -0.3893129825592041 0.48091602325439453 -0.1450381726026535 
18.0 38.0 37.0 -9.993200302124023 -0.960620105266571 1.242346167564392 2.6335878372192383 0.442748099565506 2.3435113430023193 
19.0 38.0 35.0 -9.602014541625977 -1.012060523033142 1.436743140220642 -0.9083969593048096 1.9847328662872314 3.534351110458374 
18.0 38.0 35.0 -9.282605171203613 -1.0611083507537842 1.299768090248108 -0.5343511700630188 2.076335906982422 1.893129825592041 
18.0 39.0 36.0 -9.323877334594727 -1.0981934070587158 1.4379394054412842 -0.7786259651184082 -0.5954198241233826 -1.3206106424331665 
19.0 38.0 34.0 -9.832898139953613 -1.0533325672149658 1.30096435546875 0.6335877776145935 2.183206081390381 -0.21374045312404633 
19.0 39.0 35.0 -9.807775497436523 -1.159204125404358 1.565942406654358 -1.0763359069824219 0.45038166642189026 2.9083969593048096 
16.0 39.0 33.0 -9.2353515625 -1.0323975086212158 1.341638207435608 -2.2748091220855713 -2.2595419883728027 1.801526665687561 
17.0 38.0 34.0 -9.503320693969727 -1.0341918468475342 1.17535400390625 -0.6870229244232178 2.221374034881592 0.9541984796524048 
18.0 36.0 35.0 -9.780858993530273 -1.1011841297149658 1.4229857921600342 0.28244274854660034 2.2290077209472656 2.320610761642456 
19.0 39.0 34.0 -9.54638671875 -1.1149413585662842 1.5156981945037842 -0.9312977194786072 0.442748099565506 3.0839693546295166 
18.0 37.0 36.0 -9.078039169311523 -1.0341918468475342 1.3763306140899658 -0.9541984796524048 1.0610686540603638 -0.8244274854660034 
18.0 36.0 38.0 -9.539209365844727 -1.050939917564392 1.29498291015625 -0.21374045312404633 1.2824426889419556 -2.038167953491211 
17.0 40.0 35.0 -9.937573432922363 -1.108361840248108 1.4032471179962158 0.022900763899087906 0.3206106722354889 1.839694619178772 
17.0 -23.0 108.0 3.2287840843200684 0.21473388373851776 9.916040420532227 -1.2366411685943604 0.6106870174407959 1.0687023401260376 
15.0 -24.0 108.0 3.238354444503784 0.19978027045726776 9.921422958374023 -1.3511450290679932 0.9083969593048096 1.1832060813903809 
17.0 -23.0 110.0 3.2311768531799316 0.21114501357078552 9.919629096984863 -1.2977099418640137 1.0763359069824219 1.0610686540603638 
16.0 -23.0 108.0 3.212634325027466 0.20755615830421448 9.91424560546875 -1.160305380821228 1.4809160232543945 1.2137404680252075 
16.0 -24.0 107.0 3.2120361328125 0.24165038764476776 9.891515731811523 -1.4198473691940308 1.5114504098892212 1.3435114622116089 
16.0 -24.0 108.0 3.2407469749450684 0.20875243842601776 9.914843559265137 -1.0763359069824219 1.0992366075515747 1.1679389476776123 
17.0 -23.0 107.0 3.241943359375 0.20815429091453552 9.897497177124023 -1.2442748546600342 1.3816794157028198 1.2900763750076294 
15.0 -23.0 107.0 3.194091796875 0.23746338486671448 9.896899223327637 -1.4045801162719727 1.0076335668563843 1.1832060813903809 
17.0 -24.0 110.0 3.2162232398986816 0.21353760361671448 9.925610542297363 -1.2519084215164185 0.8549618124961853 1.0305343866348267 
18.0 -24.0 108.0 3.2317748069763184 0.20456543564796448 9.933984756469727 -1.229007601737976 0.9083969593048096 0.9007633328437805 
16.0 -25.0 108.0 3.21502685546875 0.20456543564796448 9.919629096984863 -1.305343508720398 0.8091602921485901 1.0458015203475952 
17.0 -25.0 109.0 3.2287840843200684 0.20576171576976776 9.8992919921875 -1.3816794157028198 0.9618320465087891 1.1679389476776123 
17.0 -23.0 109.0 3.221606492996216 0.18063965439796448 9.8992919921875 -1.3282443284988403 0.9083969593048096 1.1679389476776123 
16.0 -23.0 108.0 3.2192139625549316 0.20277099311351776 9.913647651672363 -1.2442748546600342 1.0305343866348267 0.9465649127960205 
17.0 -23.0 107.0 3.218017578125 0.19798584282398224 9.918432235717773 -1.1679389476776123 0.9618320465087891 1.122137427330017 
18.0 -23.0 109.0 3.241345167160034 0.20875243842601776 9.88433837890625 -1.3816794157028198 1.2213740348815918 1.0687023401260376 
17.0 -78.0 48.0 10.068567276000977 0.10886230319738388 -0.01973876915872097 -0.8778625726699829 0.9160305261611938 0.8396946787834167 
16.0 -77.0 46.0 10.060193061828613 0.14056396484375 -0.0011962890857830644 -1.1755725145339966 1.2595419883728027 1.0610686540603638 
16.0 -76.0 48.0 10.094286918640137 0.10646972805261612 -0.0299072265625 -1.0687023401260376 1.7786259651184082 0.8549618124961853 
15.0 -76.0 46.0 10.065576553344727 0.13697509467601776 0.04246826097369194 -1.1297709941864014 1.3129770755767822 0.9083969593048096 
16.0 -76.0 48.0 10.103857040405273 0.12321777641773224 0.02033691480755806 -1.2137404680252075 1.4351145029067993 0.9236640930175781 
16.0 -77.0 48.0 10.112231254577637 0.22430419921875 -0.15850830078125 -4.633587837219238 1.4503816366195679 0.9160305261611938 
19.0 -76.0 48.0 10.080530166625977 0.3487182557582855 -0.34632569551467896 -7.167938709259033 0.49618321657180786 0.8167939186096191 
15.0 -77.0 48.0 10.054211616516113 -0.02871093712747097 0.14594726264476776 -3.8320610523223877 1.6183205842971802 0.9312977194786072 
16.0 -76.0 46.0 10.07275390625 0.10886230319738388 0.02751464769244194 -2.717557191848755 1.6412214040756226 0.9618320465087891 
15.0 -77.0 46.0 10.07574462890625 -0.0005981445428915322 0.20516356825828552 -1.7480915784835815 0.6412213444709778 0.9083969593048096 
17.0 -76.0 46.0 10.07275390625 0.13039550185203552 -0.02452392503619194 -0.9312977194786072 0.9770992398262024 0.9007633328437805 
16.0 -76.0 48.0 10.061388969421387 0.10706786811351776 0.009570312686264515 -1.2061069011688232 0.9847328066825867 1.1755725145339966 
15.0 -77.0 47.0 10.069165229797363 0.13577881455421448 0.03110351599752903 -1.3969465494155884 1.2748091220855713 0.8931297659873962 
16.0 -75.0 46.0 10.08172607421875 0.155517578125 0.04306640475988388 -1.1374045610427856 0.7862595319747925 0.9236640930175781 
18.0 -76.0 47.0 10.070959091186523 0.15073242783546448 0.01375732384622097 -1.2519084215164185 1.122137427330017 1.0534350872039795 
16.0 -76.0 45.0 10.067370414733887 0.12979736924171448 0.01375732384622097 -1.1832060813903809 0.9236640930175781 0.9847328066825867 
18.0 -79.0 46.0 10.076342582702637 0.12202148139476776 -0.05682373046875 -1.0076335668563843 1.0839694738388062 1.0763359069824219 
17.0 -76.0 47.0 10.072155952453613 0.12620849907398224 -0.02093505859375 -1.4198473691940308 1.0076335668563843 1.0076335668563843 
16.0 -78.0 48.0 10.073351860046387 0.13996581733226776 0.01614990271627903 -1.389312982559204 0.9923664331436157 0.9160305261611938 
17.0 -76.0 47.0 10.080530166625977 0.15671387314796448 -0.02392578125 -1.0763359069824219 0.8931297659873962 0.7786259651184082 
17.0 -77.0 45.0 10.073949813842773 0.15133056044578552 0.02033691480755806 -1.1526718139648438 1.2442748546600342 0.9083969593048096 
18.0 -78.0 47.0 10.085314750671387 0.15073242783546448 0.04127197340130806 -0.9847328066825867 0.9236640930175781 1.0610686540603638 
17.0 -77.0 47.0 10.084118843078613 0.13637694716453552 -0.0005981445428915322 -1.198473334312439 1.0534350872039795 1.1526718139648438 
16.0 -76.0 47.0 10.0667724609375 0.14235839247703552 -0.02512207068502903 -1.4427480697631836 1.229007601737976 1.1145038604736328 
17.0 -79.0 48.0 10.088305473327637 0.11723633110523224 -0.008374023251235485 -1.122137427330017 1.0152671337127686 1.2061069011688232 
16.0 -77.0 48.0 10.08770751953125 0.11604003608226776 -0.03110351599752903 -1.1297709941864014 1.1755725145339966 1.0534350872039795 
16.0 -78.0 47.0 10.088903427124023 0.11783447116613388 -0.03529052808880806 -1.2824426889419556 1.106870174407959 0.8320610523223877 
16.0 -76.0 48.0 10.071557998657227 0.10048828274011612 -0.0059814453125 -0.9618320465087891 1.5572519302368164 0.8320610523223877 
16.0 -78.0 47.0 10.07275390625 0.11484374850988388 -0.03947753831744194 -0.6717557311058044 1.2366411685943604 0.9770992398262024 
16.0 -77.0 49.0 10.083520889282227 0.12501220405101776 0.0 -1.198473334312439 1.3664121627807617 1.0229008197784424 
16.0 -78.0 46.0 10.083520889282227 0.13398437201976776 -0.0418701171875 -1.3969465494155884 1.1145038604736328 1.0763359069824219 
18.0 -76.0 48.0 10.064379692077637 0.14893798530101776 -0.0418701171875 -1.0687023401260376 0.732824444770813 1.0458015203475952 
15.0 -78.0 47.0 10.085912704467773 0.15611572563648224 0.0035888671409338713 -1.2442748546600342 0.7786259651184082 1.2442748546600342 
16.0 -77.0 48.0 10.086511611938477 0.13458251953125 -0.02213134802877903 -1.2366411685943604 0.8091602921485901 0.9618320465087891 
17.0 -79.0 47.0 10.096081733703613 0.13936766982078552 0.02512207068502903 -1.2366411685943604 0.9618320465087891 0.9923664331436157 
17.0 -78.0 46.0 10.06378173828125 0.13697509467601776 0.0011962890857830644 -1.2519084215164185 1.4045801162719727 0.885496199131012 
15.0 -77.0 51.0 10.050622940063477 0.13697509467601776 0.02093505859375 -1.2213740348815918 1.2213740348815918 0.847328245639801 
16.0 -76.0 46.0 10.089502334594727 0.11903075873851776 -0.03828125074505806 -1.2824426889419556 1.038167953491211 0.6488549709320068 
17.0 -76.0 49.0 10.088305473327637 0.11245117336511612 -0.00299072265625 -1.0839694738388062 0.8702290058135986 0.8625954389572144 
17.0 -78.0 47.0 10.085912704467773 0.12501220405101776 -0.01674804650247097 -1.305343508720398 1.0992366075515747 0.885496199131012 
18.0 -76.0 48.0 10.047632217407227 0.14116211235523224 -0.00897216796875 -0.9312977194786072 1.0076335668563843 0.7862595319747925 
15.0 -78.0 49.0 10.069165229797363 0.11604003608226776 -0.00299072265625 -1.2366411685943604 0.5877862572669983 0.9236640930175781 
17.0 -78.0 47.0 10.072155952453613 0.11604003608226776 -0.02751464769244194 -1.1145038604736328 1.1374045610427856 0.9389312863349915 
15.0 -77.0 47.0 10.092493057250977 0.10108642280101776 -0.05203857272863388 -1.229007601737976 0.9389312863349915 0.9847328066825867 
18.0 -76.0 47.0 10.076940536499023 0.15970459580421448 0.0005981445428915322 -1.038167953491211 0.9083969593048096 0.9083969593048096 
16.0 -77.0 49.0 10.071557998657227 0.13637694716453552 -0.0041870116256177425 -1.267175555229187 1.0687023401260376 0.9465649127960205 
17.0 -78.0 49.0 10.061986923217773 0.12800292670726776 -0.008374023251235485 -1.1145038604736328 1.5801526308059692 1.1832060813903809 
17.0 -78.0 47.0 10.093091011047363 0.10706786811351776 0.0017944335704669356 -1.160305380821228 1.4427480697631836 0.8549618124961853 
15.0 -77.0 48.0 10.088903427124023 0.12501220405101776 -0.008374023251235485 -1.1679389476776123 0.9465649127960205 0.8320610523223877 
15.0 -76.0 46.0 10.027295112609863 0.131591796875 -0.01076660118997097 -1.2137404680252075 1.3358778953552246 1.1908396482467651 
17.0 -75.0 46.0 10.076940536499023 0.15671387314796448 -0.01973876915872097 -1.122137427330017 1.1145038604736328 0.8931297659873962 
16.0 -78.0 48.0 10.087109565734863 0.14056396484375 0.014355468563735485 -1.160305380821228 0.9160305261611938 0.9847328066825867 
17.0 -76.0 47.0 10.072155952453613 0.1435546875 0.01674804650247097 -1.2366411685943604 0.8320610523223877 0.8015267252922058 
16.0 -77.0 46.0 10.081128120422363 0.12680664658546448 0.01734619215130806 -1.2977099418640137 1.1145038604736328 0.9465649127960205 
17.0 -78.0 49.0 10.050622940063477 0.12680664658546448 -0.012561035342514515 -1.0839694738388062 1.198473334312439 0.9389312863349915 
18.0 -75.0 48.0 10.025500297546387 0.11663818359375 -0.035888671875 -1.122137427330017 1.4809160232543945 0.9541984796524048 
15.0 -77.0 46.0 10.003369331359863 0.10706786811351776 -0.04127197340130806 -1.1755725145339966 0.8931297659873962 1.2519084215164185 
16.0 -77.0 48.0 10.058398246765137 0.11783447116613388 0.0059814453125 -0.9160305261611938 0.7557252049446106 0.7404580116271973 
17.0 -76.0 48.0 10.082921981811523 0.12620849907398224 -0.00299072265625 -1.3740458488464355 1.0610686540603638 0.9389312863349915 
17.0 -76.0 49.0 10.07275390625 0.10347900539636612 0.02512207068502903 -1.2366411685943604 0.7099236845970154 0.9236640930175781 
18.0 -77.0 48.0 10.067968368530273 0.13697509467601776 0.03887939453125 -1.0152671337127686 1.3511450290679932 1.0 
18.0 -77.0 48.0 10.100866317749023 0.13338622450828552 -0.02093505859375 -1.106870174407959 0.8396946787834167 0.9312977194786072 
16.0 -77.0 49.0 10.103259086608887 0.10706786811351776 -0.01016845740377903 -1.1374045610427856 1.5190839767456055 0.7404580116271973 
19.0 -75.0 48.0 10.083520889282227 0.13817138969898224 0.0041870116256177425 -1.2824426889419556 0.9923664331436157 0.8320610523223877 
17.0 -78.0 49.0 10.094286918640137 0.12800292670726776 -0.01016845740377903 -1.160305380821228 0.9770992398262024 0.8702290058135986 
16.0 -74.0 48.0 10.076940536499023 0.12321777641773224 -0.0023925781715661287 -1.1526718139648438 1.038167953491211 1.0687023401260376 
15.0 -69.0 67.0 9.564929008483887 0.06818847358226776 3.510510206222534 -1.0916030406951904 1.6488549709320068 0.8091602921485901 
16.0 -69.0 67.0 9.526049613952637 0.08314208686351776 3.565539598464966 -1.2748091220855713 1.305343508720398 0.9541984796524048 
17.0 -70.0 67.0 9.557751655578613 0.06340332329273224 3.5661377906799316 -1.2977099418640137 1.3129770755767822 1.0839694738388062 
15.0 -70.0 67.0 9.545788764953613 0.059814453125 3.564343214035034 -1.1908396482467651 0.9083969593048096 1.3129770755767822 
17.0 -70.0 67.0 9.572107315063477 0.07058105617761612 3.5487914085388184 -1.0229008197784424 0.8549618124961853 1.3282443284988403 
15.0 -70.0 69.0 9.556554794311523 0.05443115159869194 3.5428099632263184 -1.3282443284988403 0.8320610523223877 1.3129770755767822 
15.0 -70.0 67.0 9.532031059265137 0.0478515625 3.520678758621216 -1.2137404680252075 1.3435114622116089 1.2519084215164185 
15.0 -70.0 67.0 9.548779487609863 0.04486083984375 3.5152955055236816 -1.160305380821228 1.3435114622116089 1.2213740348815918 
15.0 -68.0 67.0 9.509302139282227 0.01076660118997097 3.5302491188049316 -0.9923664331436157 1.4427480697631836 0.7557252049446106 
16.0 -69.0 69.0 9.53741455078125 0.05443115159869194 3.577502489089966 -1.3587785959243774 1.122137427330017 1.1679389476776123 
16.0 -69.0 67.0 9.533227920532227 0.06340332329273224 3.5846800804138184 -1.4732824563980103 0.885496199131012 1.1679389476776123 
15.0 -72.0 67.0 9.527844429016113 0.07835693657398224 3.591259717941284 -1.3816794157028198 0.11450381577014923 1.2977099418640137 
16.0 -69.0 68.0 9.542798042297363 0.04246826097369194 3.571521043777466 -1.0305343866348267 1.122137427330017 1.106870174407959 
17.0 -71.0 67.0 9.539209365844727 0.05144042894244194 3.5828857421875 -0.9847328066825867 1.5648854970932007 1.0763359069824219 
16.0 -70.0 66.0 9.541601181030273 0.06459961086511612 3.567333936691284 -1.4198473691940308 1.770992398262024 1.0152671337127686 
15.0 -70.0 67.0 9.545190811157227 0.08074951171875 3.5960450172424316 -1.1297709941864014 1.3129770755767822 1.2595419883728027 
15.0 -69.0 67.0 9.538012504577637 0.08673095703125 3.576904296875 -1.0305343866348267 1.2061069011688232 1.3740458488464355 
15.0 -71.0 68.0 9.53143310546875 0.06938476860523224 3.609204053878784 -1.122137427330017 0.9770992398262024 1.3435114622116089 
15.0 -68.0 67.0 9.534423828125 0.0657958984375 3.6115965843200684 -1.4427480697631836 0.9618320465087891 0.9465649127960205 
16.0 -69.0 68.0 9.53143310546875 0.07117919623851776 3.5547728538513184 -1.1755725145339966 0.8320610523223877 1.1832060813903809 
17.0 -72.0 67.0 9.517077445983887 0.05861816555261612 3.5727171897888184 -1.5419846773147583 0.6564885377883911 1.4045801162719727 
16.0 -70.0 68.0 9.520068168640137 0.07357177883386612 3.689953565597534 -1.0992366075515747 1.3282443284988403 0.847328245639801 
18.0 -68.0 68.0 9.486572265625 0.09450683742761612 3.6588501930236816 -1.3816794157028198 1.0229008197784424 1.106870174407959 
14.0 -68.0 68.0 9.515283584594727 0.08553466945886612 3.6857666969299316 -1.5114504098892212 1.038167953491211 1.1526718139648438 
14.0 -71.0 69.0 9.523656845092773 0.0897216796875 3.654064893722534 -1.5190839767456055 0.9847328066825867 1.2442748546600342 
16.0 -70.0 68.0 9.508105278015137 0.04366455227136612 3.6295409202575684 -1.3282443284988403 0.7633587718009949 1.3129770755767822 
15.0 -71.0 68.0 9.530237197875977 0.06459961086511612 3.6564574241638184 -1.7022900581359863 0.694656491279602 1.106870174407959 
13.0 -71.0 67.0 9.497937202453613 0.05861816555261612 3.5846800804138184 -1.1145038604736328 1.0839694738388062 1.3358778953552246 
15.0 -67.0 68.0 9.526647567749023 0.09031982719898224 3.637316942214966 -1.2137404680252075 1.2137404680252075 1.1755725145339966 
15.0 -69.0 68.0 9.503918647766113 0.03708495944738388 3.6325316429138184 -1.2213740348815918 1.5114504098892212 0.8396946787834167 
16.0 -70.0 65.0 9.510498046875 0.06041259691119194 3.6773924827575684 -1.0534350872039795 1.3435114622116089 0.9236640930175781 
17.0 -70.0 69.0 9.530835151672363 0.07297363132238388 3.6714110374450684 -1.0916030406951904 1.5267175436019897 0.8320610523223877 
15.0 -70.0 68.0 9.502123832702637 0.05622558668255806 3.6235594749450684 -1.0152671337127686 1.465648889541626 1.0763359069824219 
15.0 -70.0 70.0 9.520068168640137 0.09271240234375 3.6229615211486816 -1.2519084215164185 1.5572519302368164 0.9465649127960205 
15.0 -69.0 70.0 9.51947021484375 0.06519775092601776 3.6624388694763184 -0.9923664331436157 1.5572519302368164 0.9770992398262024 
16.0 -71.0 67.0 9.505712509155273 0.0657958984375 3.6546630859375 -1.4732824563980103 1.534351110458374 0.9236640930175781 
16.0 -68.0 67.0 9.506311416625977 0.06639404594898224 3.6648316383361816 -1.305343508720398 1.0076335668563843 1.3816794157028198 
15.0 -71.0 69.0 9.518274307250977 0.06699218600988388 3.692944288253784 -1.3969465494155884 0.8244274854660034 1.14503812789917 
15.0 -68.0 69.0 9.526049613952637 0.08194579929113388 3.657055616378784 -1.4885495901107788 1.0992366075515747 1.1679389476776123 
18.0 -72.0 68.0 9.512292861938477 0.0657958984375 3.6738038063049316 -1.2519084215164185 0.7862595319747925 1.3969465494155884 
18.0 -69.0 68.0 9.510498046875 0.07237549126148224 3.6558594703674316 -1.4198473691940308 0.9083969593048096 1.4885495901107788 
14.0 -71.0 68.0 9.5224609375 0.06998290866613388 3.6444945335388184 -1.4503816366195679 0.732824444770813 1.2366411685943604 
16.0 -71.0 70.0 9.494946479797363 0.04665527492761612 3.6295409202575684 -1.1755725145339966 1.1679389476776123 1.1526718139648438 
16.0 -70.0 66.0 9.518274307250977 0.03828125074505806 3.6187744140625 -1.1526718139648438 1.3969465494155884 1.0687023401260376 
16.0 -70.0 69.0 9.529638290405273 0.04904785007238388 3.6474852561950684 -1.0 1.229007601737976 0.9847328066825867 
16.0 -71.0 69.0 9.4805908203125 0.05084228515625 3.6307373046875 -1.267175555229187 1.4427480697631836 1.0687023401260376 
17.0 -71.0 66.0 9.50750732421875 0.07058105617761612 3.6534667015075684 -1.122137427330017 1.4427480697631836 0.9847328066825867 
15.0 -70.0 70.0 9.502721786499023 0.08792724460363388 3.697131395339966 -1.1297709941864014 1.2748091220855713 1.14503812789917 
15.0 -70.0 67.0 9.503918647766113 0.07237549126148224 3.700122117996216 -1.3206106424331665 1.0839694738388062 1.106870174407959 
15.0 -72.0 69.0 9.50750732421875 0.08134765923023224 3.6744017601013184 -1.2442748546600342 0.8549618124961853 1.1297709941864014 
16.0 -68.0 68.0 9.481188774108887 0.05921630933880806 3.6498780250549316 -1.1679389476776123 0.9236640930175781 1.3816794157028198 
15.0 -71.0 69.0 9.499731063842773 0.0777587890625 3.679187059402466 -1.6030534505844116 0.9236640930175781 1.160305380821228 
18.0 -71.0 69.0 9.482983589172363 0.05502929538488388 3.6379151344299316 -1.4198473691940308 0.9312977194786072 1.2824426889419556 
15.0 -71.0 67.0 9.462646484375 0.04426269605755806 3.6056151390075684 -1.0305343866348267 1.572519063949585 0.8549618124961853 
15.0 -69.0 70.0 9.511693954467773 0.05443115159869194 3.62176513671875 -1.0763359069824219 1.732824444770813 0.9312977194786072 
17.0 -69.0 68.0 9.512890815734863 0.0478515625 3.642102003097534 -1.0 1.6564885377883911 1.0305343866348267 
16.0 -70.0 69.0 9.514086723327637 0.05622558668255806 3.654064893722534 -1.2442748546600342 1.6335878372192383 1.0458015203475952 
18.0 -70.0 68.0 9.524255752563477 0.08134765923023224 3.645092725753784 -1.0610686540603638 1.5419846773147583 1.0839694738388062 
14.0 -68.0 69.0 9.502123832702637 0.08553466945886612 3.669018507003784 -1.2213740348815918 1.2442748546600342 1.1145038604736328 
14.0 -72.0 67.0 9.50750732421875 0.09989013522863388 3.6744017601013184 -1.1679389476776123 0.9770992398262024 1.1145038604736328 
16.0 -72.0 69.0 9.523656845092773 0.06459961086511612 3.6905517578125 -1.3969465494155884 0.7557252049446106 1.3587785959243774 
16.0 -71.0 66.0 9.529638290405273 0.09450683742761612 3.657055616378784 -1.465648889541626 0.8778625726699829 1.2748091220855713 
14.0 -71.0 68.0 9.533825874328613 0.08194579929113388 3.674999952316284 -1.610687017440796 0.6793892979621887 1.106870174407959 
16.0 -71.0 68.0 9.488965034484863 0.04366455227136612 3.6528687477111816 -1.2213740348815918 0.885496199131012 1.106870174407959 
16.0 -71.0 71.0 9.48956298828125 0.08732910454273224 3.6546630859375 -1.267175555229187 1.198473334312439 1.1297709941864014 
17.0 -73.0 66.0 9.482385635375977 0.07177734375 3.6678223609924316 -1.3435114622116089 1.0916030406951904 1.198473334312439 
15.0 -70.0 68.0 9.487170219421387 0.10048828274011612 3.663037061691284 -1.3129770755767822 0.7404580116271973 1.1526718139648438 
15.0 -69.0 69.0 9.486572265625 0.09630127251148224 3.6684203147888184 -1.4580153226852417 0.9160305261611938 1.503816843032837 
17.0 -71.0 68.0 9.51348876953125 0.10527344048023224 3.6863646507263184 -1.4351145029067993 1.0 1.14503812789917 
19.0 -71.0 68.0 9.50152587890625 0.10706786811351776 3.6785888671875 -1.3435114622116089 0.6717557311058044 1.4045801162719727 
16.0 -71.0 69.0 9.521265029907227 0.06459961086511612 3.6558594703674316 -1.3587785959243774 0.8931297659873962 1.427480936050415 
16.0 -71.0 68.0 9.53143310546875 0.06041259691119194 3.619372606277466 -1.2061069011688232 0.9389312863349915 1.267175555229187 
13.0 -69.0 69.0 9.5045166015625 0.04067382961511612 3.6295409202575684 -1.122137427330017 0.9923664331436157 1.1755725145339966 
15.0 -71.0 68.0 9.49853515625 0.04067382961511612 3.648083448410034 -1.0839694738388062 1.1679389476776123 1.0458015203475952 
15.0 -71.0 68.0 9.518872261047363 0.05144042894244194 3.639111280441284 -1.038167953491211 1.3587785959243774 1.0916030406951904 
16.0 -72.0 67.0 9.54339599609375 0.05622558668255806 3.6618409156799316 -1.14503812789917 0.7251908183097839 1.2748091220855713 
16.0 -68.0 67.0 9.509302139282227 0.03050537034869194 3.677990674972534 -1.122137427330017 1.2366411685943604 0.9847328066825867 
15.0 -71.0 67.0 9.473413467407227 0.05742187425494194 3.6618409156799316 -1.1908396482467651 1.465648889541626 1.0687023401260376 
17.0 -70.0 68.0 9.509302139282227 0.083740234375 3.672009229660034 -1.3969465494155884 1.4351145029067993 1.122137427330017 
13.0 -69.0 68.0 9.5045166015625 0.07117919623851776 3.6893553733825684 -1.1755725145339966 1.3664121627807617 1.0534350872039795 
17.0 -70.0 68.0 9.5045166015625 0.09809570014476776 3.692944288253784 -1.14503812789917 1.1908396482467651 0.9160305261611938 
13.0 -70.0 69.0 9.511693954467773 0.08553466945886612 3.703112840652466 -1.305343508720398 0.9465649127960205 1.1679389476776123 
15.0 -69.0 68.0 9.514684677124023 0.08852539211511612 3.6905517578125 -1.427480936050415 0.8931297659873962 1.1679389476776123 
13.0 -68.0 68.0 9.494348526000977 0.06878662109375 3.660046339035034 -1.2061069011688232 0.8931297659873962 1.229007601737976 
16.0 -71.0 66.0 9.502123832702637 0.06759033352136612 3.6773924827575684 -1.3358778953552246 0.7862595319747925 1.4045801162719727 
16.0 -71.0 69.0 9.496740341186523 0.07656250149011612 3.7013182640075684 -1.4045801162719727 0.8549618124961853 1.0305343866348267 
14.0 -68.0 69.0 9.529040336608887 0.07416991889476776 3.627148389816284 -1.2748091220855713 1.0763359069824219 0.9694656729698181 
16.0 -69.0 66.0 9.511096000671387 0.04127197340130806 3.661242723464966 -1.2137404680252075 1.106870174407959 1.0687023401260376 
15.0 -70.0 69.0 9.51348876953125 0.07117919623851776 3.636120557785034 -1.1908396482467651 1.4045801162719727 0.9694656729698181 
15.0 -72.0 67.0 9.521265029907227 0.03170166164636612 3.6684203147888184 -1.1908396482467651 1.4045801162719727 1.106870174407959 
13.0 -72.0 68.0 9.523656845092773 0.06998290866613388 3.67559814453125 -1.2595419883728027 1.4809160232543945 0.9389312863349915 
16.0 -71.0 69.0 9.488367080688477 0.06878662109375 3.666027784347534 -1.3206106424331665 0.9541984796524048 1.1526718139648438 
16.0 -71.0 70.0 9.512292861938477 0.08493652194738388 3.6546630859375 -1.0916030406951904 1.305343508720398 1.0534350872039795 
15.0 -69.0 69.0 9.497339248657227 0.08613280951976776 3.697131395339966 -1.267175555229187 1.0687023401260376 1.2137404680252075 
14.0 -70.0 69.0 9.503918647766113 0.08433838188648224 3.6857666969299316 -1.412213683128357 0.8931297659873962 1.0916030406951904 
14.0 -70.0 68.0 9.538012504577637 0.07177734375 3.6684203147888184 -1.4351145029067993 0.7480915784835815 1.2977099418640137 
16.0 -73.0 69.0 9.518872261047363 0.05144042894244194 3.673205614089966 -1.0839694738388062 1.0076335668563843 1.2977099418640137 
17.0 -71.0 69.0 9.500927925109863 0.05144042894244194 3.6738038063049316 -1.3511450290679932 0.9236640930175781 1.0916030406951904 
16.0 -70.0 68.0 9.509900093078613 0.06041259691119194 3.60382080078125 -1.122137427330017 0.8931297659873962 1.160305380821228 
16.0 -72.0 68.0 9.506311416625977 0.05443115159869194 3.6444945335388184 -1.412213683128357 1.1374045610427856 0.8015267252922058 
16.0 -70.0 66.0 9.486572265625 0.05622558668255806 3.657055616378784 -1.2900763750076294 1.3435114622116089 1.0458015203475952 
13.0 -68.0 67.0 9.518872261047363 0.05742187425494194 3.6708130836486816 -1.0534350872039795 1.5496183633804321 1.1526718139648438 
16.0 -70.0 67.0 9.515283584594727 0.07835693657398224 3.660046339035034 -1.1145038604736328 1.4351145029067993 1.0610686540603638 
16.0 -71.0 67.0 9.508703231811523 0.08493652194738388 3.6714110374450684 -1.106870174407959 1.5801526308059692 1.0458015203475952 
15.0 -72.0 67.0 9.497937202453613 0.09331054985523224 3.6845703125 -1.2824426889419556 1.2519084215164185 0.9236640930175781 
14.0 -71.0 67.0 9.488367080688477 0.10886230319738388 3.692944288253784 -0.9007633328437805 2.541984796524048 0.7480915784835815 
15.0 -70.0 67.0 9.509900093078613 0.11604003608226776 3.7246460914611816 -1.2213740348815918 1.2366411685943604 1.2977099418640137 
13.0 -68.0 67.0 9.500927925109863 0.06639404594898224 3.688159227371216 -1.534351110458374 1.2366411685943604 1.3206106424331665 
16.0 -71.0 68.0 9.496740341186523 0.04127197340130806 3.6863646507263184 -1.2977099418640137 0.6564885377883911 1.2137404680252075 
14.0 -70.0 69.0 9.508703231811523 0.06220703199505806 3.676196336746216 -1.2748091220855713 0.572519063949585 1.267175555229187 
14.0 -70.0 66.0 9.503918647766113 0.05861816555261612 3.651074171066284 -1.5114504098892212 1.0763359069824219 1.2977099418640137 
18.0 -71.0 66.0 9.520666122436523 0.03947753831744194 3.624157667160034 -1.3816794157028198 0.9923664331436157 1.1679389476776123 
15.0 -68.0 69.0 9.493749618530273 0.04844970628619194 3.6409058570861816 -0.8396946787834167 1.3282443284988403 0.9618320465087891 
16.0 -71.0 67.0 9.508703231811523 0.05084228515625 3.657055616378784 -1.0 1.1145038604736328 0.885496199131012 
16.0 -70.0 70.0 9.508105278015137 0.05263672024011612 3.688159227371216 -0.9770992398262024 1.503816843032837 1.0763359069824219 
13.0 -71.0 68.0 9.50152587890625 0.09031982719898224 3.7072997093200684 -1.2595419883728027 1.2900763750076294 1.1297709941864014 
14.0 -71.0 69.0 9.487768173217773 0.08852539211511612 3.698925733566284 -1.1755725145339966 1.412213683128357 1.0152671337127686 
17.0 -70.0 66.0 9.494946479797363 0.08074951171875 3.716870069503784 -1.3969465494155884 1.1908396482467651 1.2595419883728027 
15.0 -70.0 68.0 9.488965034484863 0.09211425483226776 3.7156739234924316 -1.427480936050415 0.9694656729698181 1.267175555229187 
13.0 -70.0 67.0 9.542798042297363 0.0777587890625 3.7222533226013184 -1.5572519302368164 0.5343511700630188 1.4503816366195679 
15.0 -72.0 67.0 9.469225883483887 0.07297363132238388 3.6977295875549316 -1.4045801162719727 0.6412213444709778 1.0610686540603638 
15.0 -70.0 69.0 9.475207328796387 0.07895507663488388 3.6917481422424316 -1.1526718139648438 0.7022900581359863 1.1374045610427856 
15.0 -71.0 70.0 9.500329971313477 0.07237549126148224 3.71148681640625 -1.465648889541626 0.7938931584358215 1.1526718139648438 
15.0 -70.0 68.0 9.490758895874023 0.09809570014476776 3.6708130836486816 -1.5267175436019897 0.8549618124961853 1.389312982559204 
17.0 -71.0 69.0 9.527844429016113 0.06878662109375 3.680981397628784 -1.3587785959243774 0.6259542107582092 1.2824426889419556 
18.0 -71.0 68.0 9.508105278015137 0.006579590030014515 3.66363525390625 -1.0839694738388062 0.8167939186096191 0.9618320465087891 
13.0 -69.0 66.0 9.505712509155273 0.08493652194738388 3.700122117996216 -1.106870174407959 1.305343508720398 1.2061069011688232 
16.0 -71.0 70.0 9.50750732421875 0.08852539211511612 3.712085008621216 -1.3358778953552246 1.1908396482467651 1.1755725145339966 
15.0 -71.0 71.0 9.488965034484863 0.09331054985523224 3.6983275413513184 -1.3206106424331665 1.0076335668563843 1.2442748546600342 
15.0 -71.0 70.0 9.520068168640137 0.09749756008386612 3.71746826171875 -1.4351145029067993 0.7862595319747925 1.3969465494155884 
14.0 -69.0 68.0 9.49853515625 0.08912353217601776 3.721057176589966 -1.6030534505844116 0.3893129825592041 1.198473334312439 
15.0 -69.0 69.0 9.4805908203125 0.0657958984375 3.7096924781799316 -0.9694656729698181 0.9007633328437805 1.1908396482467651 
16.0 -71.0 67.0 9.48956298828125 0.10228271782398224 3.694140672683716 -1.4732824563980103 1.1297709941864014 1.389312982559204 
16.0 -69.0 68.0 9.462048530578613 0.0657958984375 3.6845703125 -1.3206106424331665 0.9389312863349915 1.4045801162719727 
16.0 -72.0 67.0 9.474011421203613 0.02871093712747097 3.7276368141174316 -1.2977099418640137 0.6030534505844116 1.2061069011688232 
16.0 -68.0 69.0 9.506909370422363 0.06699218600988388 3.707897901535034 -1.2519084215164185 0.9389312863349915 1.106870174407959 
15.0 -68.0 69.0 9.485974311828613 0.06101074069738388 3.6564574241638184 -1.2900763750076294 1.1145038604736328 0.9389312863349915 
14.0 -67.0 68.0 9.508105278015137 0.03349609300494194 3.669018507003784 -1.412213683128357 1.1374045610427856 1.0458015203475952 
19.0 -71.0 66.0 9.468029975891113 0.06220703199505806 3.65765380859375 -1.3282443284988403 0.7557252049446106 1.0076335668563843 
16.0 -69.0 69.0 9.475207328796387 0.04246826097369194 3.66961669921875 -1.3129770755767822 1.4580153226852417 1.0687023401260376 
15.0 -70.0 66.0 9.481786727905273 0.06519775092601776 3.648681640625 -1.038167953491211 1.229007601737976 1.0916030406951904 
14.0 -70.0 69.0 9.497937202453613 0.09091796725988388 3.6857666969299316 -1.2366411685943604 1.465648889541626 1.122137427330017 
17.0 -70.0 67.0 9.518872261047363 0.08673095703125 3.7072997093200684 -1.4732824563980103 0.5648854970932007 1.3358778953552246 
14.0 -70.0 68.0 9.512890815734863 0.05622558668255806 3.6863646507263184 -1.2977099418640137 0.885496199131012 1.1755725145339966 
15.0 -71.0 68.0 9.479992866516113 0.08134765923023224 3.679187059402466 -1.14503812789917 1.412213683128357 0.9160305261611938 
14.0 -71.0 67.0 9.463244438171387 0.08314208686351776 3.7007203102111816 -1.0763359069824219 1.389312982559204 1.0152671337127686 
14.0 -69.0 69.0 9.4686279296875 0.08493652194738388 3.6845703125 -1.2137404680252075 1.4351145029067993 0.7099236845970154 
15.0 -72.0 71.0 9.503320693969727 0.08254394680261612 3.666027784347534 -1.3358778953552246 1.0687023401260376 1.3740458488464355 
13.0 -71.0 67.0 9.481188774108887 0.05921630933880806 3.6534667015075684 -1.1526718139648438 1.2061069011688232 1.0305343866348267 
15.0 -70.0 69.0 9.430944442749023 0.0538330078125 3.6498780250549316 -1.0610686540603638 1.427480936050415 1.122137427330017 
